# CAC v. 2.28 (c)2011 DLR-SARTUser: kopp_al      on 13.12.2016
# Aurora-R1                                                                       
# ref. area:    500.000[m**2] ref. length:    60.734[m]ref. point:    34.893[m]

2
0	1	2	3	4	5	6	7	8	9	10	11	12	13	14	15	16	17	18	19	20	21	22	23	24	25
0

0.0236610   
0.0338106   
0.0302807   
0.0244776   
0.0190427   
0.0145732   
0.0113548   
0.0093365   
0.0084805   
0.0081782   
0.0079506   
0.0077650   
0.0076107   
0.0074803   
0.0073674   
0.0072664   
0.0071782   
0.0071004   
0.0070313   
0.0069695   
0.0069139   
0.0068636   
0.0068179   
0.0067762   
0.0067379   
0.0067028  

