# CAC v. 2.28 (c)2011 DLR-SARTUser: kopp_al      on 13.12.2016
# Aurora-R1                                                                       
# ref. area:    500.000[m**2] ref. length:    60.734[m]ref. point:    34.893[m]

2
0	1	2	3	4	5	6	7	8	9	10	11	12	13	14	15	16	17	18	19	20	21	22	23	24	25
0

0.0064366
0.0087660
0.0077937
0.0043919
0.0016412
-0.0003194
-0.0014605
-0.0021867
-0.0026352
-0.0029895
-0.0034861
-0.0038911
-0.0042278
-0.0045122
-0.0047557
-0.0049664
-0.0051507
-0.0053131
-0.0054575
-0.0055865
-0.0057026
-0.0058076
-0.0059030
-0.0059901
-0.0060700
-0.0061434
